0 100 1 #dynamic_flag, niter, nstep

11    10  7 1 0  0 0 1 0  # npoint,nmemb,ncond_pt,nmate, nframe, ncond_mb,ndistrfun, ntimefun, ncurv,nvel

# list of key point coordinates
1     0.0     0.0 0.0 
2     0.115   0.0 0.0
3     0.23    0.0 0.0
4     0.345   0.0 0.0
5     0.46    0.0 0.0
6     0.688   0.0 0.0
7     0.92    0.0 0.0
8     1.03    0.0 0.0
9     1.15    0.0 0.0
10    1.26    0.0 0.0
11    1.375   0.0 0.0

# list of members
1 1 2 1 1 0 20 0 
2 2 3 1 1 0 20 0 
3 3 4 1 1 0 20 0 
4 4 5 1 1 0 20 0 
5 5 6 1 1 0 40 0 
6 6 7 1 1 0 40 0 
7 7 8 1 1 0 20 0 
8 8 9 1 1 0 20 0 
9 9 10 1 1 0 20 0 
10 10 11 1 1 0 20 0 


1    #point conditions
1 2 3 4 5 6 
0 0 0 0 0 0 # corresponding value
0 0 0 0 0 0 # corresponding time functions
0 0 0 0 0 0 # indicate whether it is a follower condition

2 
7 8 9   10 11 12   
0 0 2.33 0  0  0  
0 0 1   0  0  0  
0 0 1   0  0  0  

4 
7 8 9   10 11 12   
0 0 3.25 0  0  0  
0 0 1   0  0  0  
0 0 1   0  0  0  

6 
7 8 9   10 11 12   
0 0 7.038 0  0  0  
0 0 1   0  0  0  
0 0 1   0  0  0  

8
7 8 9   10 11 12   
0 0 3.25 0  0  0  
0 0 1   0  0  0  
0 0 1   0  0  0  

10 
7 8 9   10 11 12   
0 0 2.33 0  0  0  
0 0 1   0  0  0  
0 0 1   0  0  0  

11 
7 8 9   10 11 12   
0 0 0 0  0  0  
0 0 0   0  0  0  
0 0 0   0  0  0  

1 # section No. 1 stiffness matrix
1.00000000000000E+11 -6.49056350000000E+05 -1.02372102716544E+12 -9.04037620000000E+05 -5.54776378500000E+07 -2.41006120000000E+05
-6.49056350000000E+05 8.18000000000000E+10 6.60000000000000E+05 6.00000000000000E+05 5.30000000000000E+04 1.80000000000000E+05
-1.02372102716545E+12 6.61000000000000E+05 3.90000000000000E+12 2.10000000000000E+05 3.70000000000000E+07 -3.27983100000000E+04
-9.04037680000000E+05 6.04000000000000E+05 2.10000000000000E+05 1.20000000000000E+15 6.90000000000000E+06 3.50000000000000E+14
-5.54776385500000E+07 5.30000000000000E+04 3.70000000000000E+07 6.90000000000000E+06 1.80000000000000E+16 6.80000000000000E+06
-2.41006040000000E+05 1.80000000000000E+05 -3.30000000000000E+04 3.50000000000000E+14 6.80000000000000E+06 7.40000000000000E+14

0 1 # simulation range

1   # time function no
0
0 1
2   # number of entries
0 0 
1 1



